1.755000000447034803e-01
1.818000004440546158e-01
2.023000005632638876e-01
2.478999996185302646e-01
3.014000013470649608e-01
3.257000011205672951e-01
3.521000003814697132e-01
3.760000009834766344e-01
3.988999974727630571e-01
4.258999970555305548e-01
4.339999973773956410e-01
4.471999976038932845e-01
4.631999972462654269e-01
4.676999968290329046e-01
4.753999972343445068e-01
4.792999944090843290e-01
4.903999957442283786e-01
4.971999961137771873e-01
5.011999967694282798e-01
5.013999950885772439e-01
5.108999970555305747e-01
5.130999946594237970e-01
5.168999972939490872e-01
5.226999944448471602e-01
5.258999946713447393e-01
5.306999942660332037e-01
5.320999985933303478e-01
5.333999949693679632e-01
5.338999977707863387e-01
5.375999960303307068e-01
5.418999946117400990e-01
5.459999963641166687e-01
5.458999979496002020e-01
5.475999978184700190e-01
5.523999974131583723e-01
5.472999960184097290e-01
5.497999927401542308e-01
5.544999951124190973e-01
5.533000007271766663e-01
5.610999986529350281e-01
5.531999966502190169e-01
5.627999970316887035e-01
5.595999962091445790e-01
5.626999986171722368e-01
5.659999972581863936e-01
5.709999969601631253e-01
5.671999979019165528e-01
5.693999993801116544e-01
5.728999993205070584e-01
5.712999981641769809e-01
5.719999995827674821e-01
5.728999966382980480e-01
5.774999994039535789e-01
5.781999990344047768e-01
5.779999968409538225e-01
5.821999996900558694e-01
5.804999995231628906e-01
5.833999988436698869e-01
5.844999963045119928e-01
5.849999985098839339e-01
5.803999993205070096e-01
5.879000002145766679e-01
5.880999970436096014e-01
5.919999995827674999e-01
5.925999969244003518e-01
5.901999980211257713e-01
5.798999971151351795e-01
5.919999980926513583e-01
5.862999972701072871e-01
5.921000015735625732e-01
5.884999972581863581e-01
5.940999966859817905e-01
5.887000009417533430e-01
5.928999999165535106e-01
5.921999999880790400e-01
5.967999958992004084e-01
6.008999991416931197e-01
5.959999969601631475e-01
5.916999983787536443e-01
6.019999998807906705e-01
5.985000014305115190e-01
6.014999988675117093e-01
6.040999993681908098e-01
6.018000018596648681e-01
6.055999970436096724e-01
5.989000010490417303e-01
6.014999985694885476e-01
6.070999997854232832e-01
6.091000011563301175e-01
6.083999997377396163e-01
6.073999977111816939e-01
6.089999991655349332e-01
6.105000010132789479e-01
6.029000017046928228e-01
6.011999970674515303e-01
6.081000000238419023e-01
6.112000009417534185e-01
6.059999981522560253e-01
6.097999987006187395e-01
6.099999970197678145e-01
6.084999993443489519e-01
6.080999967455863464e-01
6.168999993801116410e-01
6.116999995708465310e-01
6.126000007987022489e-01
6.173000010848045394e-01
6.094000017642975386e-01
6.166999986767769393e-01
6.177000007033348616e-01
6.149000009894370899e-01
6.141000005602836875e-01
6.150000008940696983e-01
6.223999997973441722e-01
6.186999994516372281e-01
6.160999977588653698e-01
6.209000015258788752e-01
6.156999993324280274e-01
6.208000004291533980e-01
6.164999988675117226e-01
6.175000047683716353e-01
6.206000009179115651e-01
6.176999995112418818e-01
6.203000012040138511e-01
6.227999979257583529e-01
6.185999977588653165e-01
6.220999985933304277e-01
6.213000005483627630e-01
6.194999971985817311e-01
6.292999982833862305e-01
6.294000005722045765e-01
6.256000006198882968e-01
6.280000019073486150e-01
6.207999998331069635e-01
6.245999997854232433e-01
6.219000035524367975e-01
6.241999983787536177e-01
6.262000015377998663e-01
6.266000020503997847e-01
6.246000021696090920e-01
6.259999996423721846e-01
6.263999986648559615e-01
6.217999985814094410e-01
6.253000003099441484e-01
6.236999979615212020e-01
6.251000007987022045e-01
6.279000011086464106e-01
6.278000009059906406e-01
6.272999984025955378e-01
6.270999979972838867e-01
6.291000002622604281e-01
6.271000012755394426e-01
6.297000005841255632e-01
6.355000001192092629e-01
6.305000013113022383e-01
6.278999996185302690e-01
6.348999989032745317e-01
6.246000039577483953e-01
6.228000003099442017e-01
6.307999983429908308e-01
6.313000008463859336e-01
6.222999992966652405e-01
6.275999975204468173e-01
6.298000007867813332e-01
6.315999990701675060e-01
6.312000012397765980e-01
6.362000012397766024e-01
6.318000018596648948e-01
6.349000006914138350e-01
6.274000000953674494e-01
6.347999978065490545e-01
6.314999961853027255e-01
6.346999973058700117e-01
6.301000005006790472e-01
6.316999998688698215e-01
6.356000012159347401e-01
6.353000006079674300e-01
6.329000014066695767e-01
6.340999996662139981e-01
6.360000011324882241e-01
6.367000034451484325e-01
6.317000037431717008e-01
6.396000033617019742e-01
6.391000008583068714e-01
6.350000014901161505e-01
6.366000026464462280e-01
6.396000015735626709e-01
6.397000020742416027e-01
6.444000005722045898e-01
6.417000031471252752e-01
6.390000009536742631e-01
6.442000037431716564e-01
6.439000010490417703e-01
6.394000020623207270e-01
6.455000013113021406e-01
6.406000006198883101e-01
6.387999999523162886e-01
6.406000018119811790e-01
6.448000013828277810e-01
6.431000024080276711e-01
6.429000008106231512e-01
6.434999981522560031e-01
6.419000005722046431e-01
6.430000033974647700e-01
6.415999993681907876e-01
6.433999997377395363e-01
6.436000007390976219e-01
6.396999999880790266e-01
6.421000003814697488e-01
6.450000017881393211e-01
6.464000025391578585e-01
6.449000036716461270e-01
6.429999989271163452e-01
6.450000000000000178e-01
6.502000039815902799e-01
6.434000045061111228e-01
6.474999999999999645e-01
6.455000001192092718e-01
6.445000004768371982e-01
6.438000005483627275e-01
6.465000015497207597e-01
6.475999999046325728e-01
6.447000020742416071e-01
6.449999988079071489e-01
6.524000030755996438e-01
6.446000009775161299e-01
6.460000014305115057e-01
6.436999997496605230e-01
6.435999995470047530e-01
6.510000008344650757e-01
6.484000003337859752e-01
6.467999976873397561e-01
6.516000002622603926e-01
6.486000019311904952e-01
6.476000010967254417e-01
6.471999990940093817e-01
6.486000013351440607e-01
6.429999989271163452e-01
6.438000029325485762e-01
6.521000027656554954e-01
6.437999993562698586e-01
6.493000030517578347e-01
6.480000019073486328e-01
6.471999973058700784e-01
6.497000008821487427e-01
6.493000018596649658e-01
6.487000006437301236e-01
6.471000003814697532e-01
6.516000020503998069e-01
6.499999994039535878e-01
6.487000012397765580e-01
6.510000032186508134e-01
6.500000005960464566e-01
6.449999988079071489e-01
6.440000021457672474e-01
6.466000002622603882e-01
6.501000005006790650e-01
6.533000016212463512e-01
6.515000009536743297e-01
6.506000000238418846e-01
6.468000000715256048e-01
6.495000004768372026e-01
6.508000004291534246e-01
6.508000004291534246e-01
6.469000041484832542e-01
6.491999995708465088e-01
6.483000028133392156e-01
6.530000013113022028e-01
6.521000027656554954e-01
6.547000020742416160e-01
6.519000023603439553e-01
6.549000024795532671e-01
6.540000015497207109e-01
6.516000002622603926e-01
6.528000015020370972e-01
6.575000017881393877e-01
6.582999992370605069e-01
6.551000005006790694e-01
6.559000033140182095e-01
6.551000010967255038e-01
6.538000029325484741e-01
6.568000024557113514e-01
6.528000020980835316e-01
6.529000020027160289e-01
6.561000031232834262e-01
6.531000030040741144e-01
6.549000024795532671e-01
6.575000005960464078e-01
6.558000034093857122e-01
6.595000022649765148e-01
6.551000010967255038e-01
6.550000005960464611e-01
6.531999999284744396e-01
6.592000001668929521e-01
6.512000018358230502e-01
6.531000006198882657e-01
6.529000043869018777e-01
6.554000037908553900e-01
6.541000002622604503e-01
6.497000044584274603e-01
6.541000020503997536e-01
6.542000031471252308e-01
6.509000015258789018e-01
6.571000039577483687e-01
6.540000009536742764e-01
6.580000013113022073e-01
6.603000020980834828e-01
6.565000015497207686e-01
6.539000010490417791e-01
6.526000010967254461e-01
6.575000041723251254e-01
6.597000014781951860e-01
6.585000002384185924e-01
6.581000030040741189e-01
6.645000010728836504e-01
6.605000019073485884e-01
6.587000042200088501e-01
6.589000016450882180e-01
6.582999980449676380e-01
6.518000018596649126e-01
6.593999975919723200e-01
6.611000031232834306e-01
6.615999996662139671e-01
6.597000026702880549e-01
6.541999995708465132e-01
6.631000024080276889e-01
6.589999991655349776e-01
6.567000013589858742e-01
6.605000036954880027e-01
6.533000010251999168e-01
6.578000015020371016e-01
6.568000012636184826e-01
6.542999970912933838e-01
6.546000033617019875e-01
6.560000032186508179e-01
6.589999997615814120e-01
6.639000028371810913e-01
6.648000007867813643e-01
6.593000012636184293e-01
6.527999991178512484e-01
6.590999996662140203e-01
6.622000002861022638e-01
6.607000017166138051e-01
6.617000007629394442e-01
6.613999998569488614e-01
6.626000016927718894e-01
6.618000006675720526e-01
6.633000016212463601e-01
6.601999992132187023e-01
6.620000022649764615e-01
6.580000030994415106e-01
6.571000003814697621e-01
6.612000018358230591e-01
6.617000007629394442e-01
6.586000013351440696e-01
6.631000006198882746e-01
6.606000018119811967e-01
6.596999990940094483e-01
6.605000013113021540e-01
6.653000009059906183e-01
6.636000013351440741e-01
6.593000018596648637e-01
6.636999994516372681e-01
6.615000009536743386e-01
6.642000019550323708e-01
6.614000010490417303e-01
6.633000016212463601e-01
6.624000006914139149e-01
6.609000021219253451e-01
6.661000001430511519e-01
6.610000020265579534e-01
6.584999972581863092e-01
6.576999986171722101e-01
6.628000020980835405e-01
6.642000001668929565e-01
6.636000013351440741e-01
6.611000025272368852e-01
6.625999993085861517e-01
6.585999989509582209e-01
6.605000025033951339e-01
6.604000008106232222e-01
6.633000004291534912e-01
6.656999999284743952e-01
6.611000025272368852e-01
6.604999977350235474e-01
6.592999982833862571e-01
6.617000001668930098e-01
6.607999980449676958e-01
6.609000003337860418e-01
6.676000034809113082e-01
6.641000020503997625e-01
6.648000001907348189e-01
6.685000008344650357e-01
6.627000027894973666e-01
6.675999993085861561e-01
6.696000009775161521e-01
6.685000026226043390e-01
6.662000012397766291e-01
6.719000023603439731e-01
6.697999995946883889e-01
6.627000004053116289e-01
6.634999996423721624e-01
6.663999986648559970e-01
6.709000015258789196e-01
6.687000024318695557e-01
6.622999989986420033e-01
6.640000033378601341e-01
6.689000022411346613e-01
6.610999989509582786e-01
6.662000012397766291e-01
6.648000031709671021e-01
6.708000028133391801e-01
6.675000011920928511e-01
6.691999989748000921e-01
6.683000016212463645e-01
6.650000005960464700e-01
6.695999991893768488e-01
6.680000001192092363e-01
6.728000003099441351e-01
6.695000040531158270e-01
6.698999971151351485e-01
6.643000024557114136e-01
6.658999991416930664e-01
6.712999993562698275e-01
6.703999990224838168e-01
6.706000006198883368e-01
6.723000007867813155e-01
6.669000029563904031e-01
6.633000016212463601e-01
6.633000028133392290e-01
6.696000015735625865e-01
6.705000048875808805e-01
6.622000014781952437e-01
6.635999977588653564e-01
6.677000015974045022e-01
6.687000018358230102e-01
6.704999977350234452e-01
6.656000030040740700e-01
6.648999994993209928e-01
6.673999989032745050e-01
6.696000027656555664e-01
6.712000024318695024e-01
6.652999991178512040e-01
6.707000029087066828e-01
6.691000020503997670e-01
6.648000013828277988e-01
6.689000022411346613e-01
6.677999997138976962e-01
6.589000034332275213e-01
6.686000031232833818e-01
6.663000023365021063e-01
6.659999996423721091e-01
6.691000020503997670e-01
6.696000027656555664e-01
6.681000018119811479e-01
6.684000039100647106e-01
6.651000005006789673e-01
6.627000004053116289e-01
6.671000021696090743e-01
6.624999999999999778e-01
6.685000002384186013e-01
6.647999978065490811e-01
6.659999978542328058e-01
6.684999966621398837e-01
6.682999998331069502e-01
6.667000007629394487e-01
6.725000059604644420e-01
6.693000060319900246e-01
6.684999984502791870e-01
6.660999995470047175e-01
6.677000021934509366e-01
6.673000007867813110e-01
6.671000015735626398e-01
6.672000002861022683e-01
6.655000019073485928e-01
6.689000010490417925e-01
6.705999988317489224e-01
6.708000028133391801e-01
6.657000011205673751e-01
6.686000013351440785e-01
6.709999990463256792e-01
6.722999978065490323e-01
6.720999985933303611e-01
6.711999976634979159e-01
6.713000005483626964e-01
6.707999998331070080e-01
6.699000012874603005e-01
6.699000000953674316e-01
6.707000046968459861e-01
6.667000031471252974e-01
6.689000004529952470e-01
6.631999981403350342e-01
6.689000022411346613e-01
6.645000004768371049e-01
6.693000012636184382e-01
6.662000000476837602e-01
6.729000014066696123e-01
6.715999996662139759e-01
6.730000036954879583e-01
6.681000018119811479e-01
6.701000028848648205e-01
6.671000033617019431e-01
6.736000031232833862e-01
6.693000000715255693e-01
6.683000016212463645e-01
6.726000016927718983e-01
6.682999998331069502e-01
6.682999992370605158e-01
6.682000041007996050e-01
6.723000025749206188e-01
6.695999997854232832e-01
6.721000003814697754e-01
6.662000018358230635e-01
6.707999998331070080e-01
6.702000015974044489e-01
6.708000016212463112e-01
6.739000028371811002e-01
6.715000033378600852e-01
6.721999973058701006e-01
6.689000022411346613e-01
6.763999992609024403e-01
6.686000013351440785e-01
6.653000038862227905e-01
6.745000004768371138e-01
6.740000015497207286e-01
6.719000023603439731e-01
6.723000037670135987e-01
6.698000025749206721e-01
6.752000027894973222e-01
6.718999999761581243e-01
6.708000010251998768e-01
6.760000020265579668e-01
6.713000005483626964e-01
6.724000012874603582e-01
6.728000009059905695e-01
6.762999999523162664e-01
6.735000008344650402e-01
6.725000029802322699e-01
6.741999989748000965e-01
6.751999998092651500e-01
6.750000017881393477e-01
6.768000036478042380e-01
6.732999998331069547e-01
6.679000043869018910e-01
6.747000032663345026e-01
6.740000021457671631e-01
6.744000011682510509e-01
6.759000027179717929e-01
6.745000016689300937e-01
6.725000041723251387e-01
6.771000027656555176e-01
6.780000019073486595e-01
6.747000032663345026e-01
6.733000028133392378e-01
6.759000027179717929e-01
6.723000031709670532e-01
6.763000023365021152e-01
6.735000026226043435e-01
6.749000030755997193e-01
6.759000027179717929e-01
6.717000025510787564e-01
6.736000037193298207e-01
6.781999999284744618e-01
6.778000038862228571e-01
6.726000016927718983e-01
6.767000037431717407e-01
6.730000030994415239e-01
6.699000018835067349e-01
6.721000039577483820e-01
6.794000005722046209e-01
6.724000018835067927e-01
6.728999996185303090e-01
6.762000006437302035e-01
6.722999995946884466e-01
6.727999997138977006e-01
6.772999995946884511e-01
6.755999994277953613e-01
6.728000026941299838e-01
6.774000024795532315e-01
6.738000023365020574e-01
6.756999999284744041e-01
6.714000010490417392e-01
6.741000008583069025e-01
6.762000018358230724e-01
6.766000008583068492e-01
6.797000020742416382e-01
6.796000003814697266e-01
6.767000013589858920e-01
6.804999971389770197e-01
6.778999984264373335e-01
6.757000023126602528e-01
6.760999989509582919e-01
6.778000015020370084e-01
6.771999996900558427e-01
6.732000023126601951e-01
6.774000024795532315e-01
6.802999985218047829e-01
6.742000007629393998e-01
6.739000022411346658e-01
6.776000005006790339e-01
6.793000036478042958e-01
6.796000027656554643e-01
6.750000029802322166e-01
6.774000000953673828e-01
6.806999993324279741e-01
6.796000015735625954e-01
6.711999994516372192e-01
6.786000019311905218e-01
6.804000031948089777e-01
6.773000019788741888e-01
6.800000005960464833e-01
6.775000023841858399e-01
6.785000032186507823e-01
6.774000018835067971e-01
6.743000042438507258e-01
6.749000000953674361e-01
6.745000004768371138e-01
6.814000028371810513e-01
6.772000002861022772e-01
6.741000008583069025e-01
6.740000033378601429e-01
6.795000016689300981e-01
6.761000013351440296e-01
6.765000009536743519e-01
6.797000014781952038e-01
6.811999994516372281e-01
6.820000004768371760e-01
6.753000009059906272e-01
6.787000060081481712e-01
6.821999990940094127e-01
6.827999997138977095e-01
6.821000009775162187e-01
6.808000016212463201e-01
6.794000017642974898e-01
6.761000043153763128e-01
6.799999988079070690e-01
6.794000053405762074e-01
6.854000025987625477e-01
6.793000012636184470e-01
6.769000029563904119e-01
6.821000021696090876e-01
6.830000036954879672e-01
6.814000016450881825e-01
6.800000029802322210e-01
6.768999999761581288e-01
6.780000042915343972e-01
6.834000027179718550e-01
6.804000025987625433e-01
6.790000021457671675e-01
6.754000014066696700e-01
6.771000003814697799e-01
6.804000025987625433e-01
6.773000037670136031e-01
6.771000009775162143e-01
6.809000039100646662e-01
6.830999982357025546e-01
6.854000008106231334e-01
6.818000036478042425e-01
6.843000006675720170e-01
6.812000030279159457e-01
6.811000031232833374e-01
6.803000056743622181e-01
6.793000000715255782e-01
6.797000020742416382e-01
6.799000036716461581e-01
6.779000014066696167e-01
6.810000032186508401e-01
6.802000021934508922e-01
6.821000027656555220e-01
6.830000001192092496e-01
6.833999997377395719e-01
6.839000016450882402e-01
6.832000029087066384e-01
6.842000025510788230e-01
6.847000008821487738e-01
6.793000042438507302e-01
6.809000015258789285e-01
6.799000012874603094e-01
6.785000044107437622e-01
6.772000032663345603e-01
6.752000010013580189e-01
6.799000054597854614e-01
6.841000020503997803e-01
6.824000048637389737e-01
6.778000003099441395e-01
6.807000023126602573e-01
6.796000027656554643e-01
6.815000009536743564e-01
6.783000004291533935e-01
6.774000018835067971e-01
6.791000014543533414e-01
6.796000003814697266e-01
6.794000011682510554e-01
6.755000013113021673e-01
6.828000032901764271e-01
6.812000024318695113e-01
6.784000015258788707e-01
6.822000044584274336e-01
6.852000045776367454e-01
6.805999982357024969e-01
6.825000017881392989e-01
6.813999992609024448e-01
6.824000054597854081e-01
6.835000044107437667e-01
6.812000012397766424e-01
6.842999982833862793e-01
6.821000021696090876e-01
6.835000020265579179e-01
6.766000044345855668e-01
6.754000008106231245e-01
6.808000022172927546e-01
6.825000023841858443e-01
6.812000018358230768e-01
6.815000033378600941e-01
6.826000028848647760e-01
6.823000025749206277e-01
6.793000000715255782e-01
6.853000009059906361e-01
6.814000040292740312e-01
6.780000013113022250e-01
6.811000031232833374e-01
6.841000026464462147e-01
6.827000027894973844e-01
6.860000008344649958e-01
6.791000026464462103e-01
6.823000007867813244e-01
6.813000017404555742e-01
6.831000012159347268e-01
6.862000012397766469e-01
6.800000017881393521e-01
6.831000018119811612e-01
6.820000016689300448e-01
6.782999992370605247e-01
6.816000008583068537e-01
6.857000029087066961e-01
6.825000023841858443e-01
6.904000025987625522e-01
6.832000011205673351e-01
6.854000008106231334e-01
6.822000026702881303e-01
6.863000023365021240e-01
6.850000023841857910e-01
6.797000002861023349e-01
6.827999973297118608e-01
6.892000013589858476e-01
6.845000022649765370e-01
6.858000010251998901e-01
6.909000033140182406e-01
6.834000015258788752e-01
6.834000039100647239e-01
6.872000020742415893e-01
6.833000010251999434e-01
6.893000030517577592e-01
6.894000011682510642e-01
6.877000021934509544e-01
6.863000035285949929e-01
6.822000020742415849e-01
6.841000002622604770e-01
6.819000035524368508e-01
6.866000026464462724e-01
6.814000040292740312e-01
6.851000022888183993e-01
6.849999994039535078e-01
6.812000018358230768e-01
6.866000008583068581e-01
6.886000019311905307e-01
6.846000015735625999e-01
6.897000026702880815e-01
6.808000010251998857e-01
6.794000023603439242e-01
6.877000004053115401e-01
6.900000017881393610e-01
6.875999999046326083e-01
6.823999983072280839e-01
6.850000023841857910e-01
6.845000034570694059e-01
6.852000010013580278e-01
6.846000015735625999e-01
6.879000037908553633e-01
6.881999993324279252e-01
6.853000009059906361e-01
6.848000043630599887e-01
6.799999994039535034e-01
6.832999980449676602e-01
6.857999998331070213e-01
6.854000014066695678e-01
6.818000018596649392e-01
6.828000003099441440e-01
6.838999992609023915e-01
6.882000023126602084e-01
6.822000002861022816e-01
6.785999995470046731e-01
6.816000032424927024e-01
6.855000036954880249e-01
6.871000009775162232e-01
6.859000015258789329e-01
6.842999994754791482e-01
6.867999994754790949e-01
6.851999998092651589e-01
6.863000005483627097e-01
6.840000021457671719e-01
6.833000034093856812e-01
6.841000014543533458e-01
6.849000030755996171e-01
6.836000001430511119e-01
6.858000010251998901e-01
6.832000011205673351e-01
6.837000000476837203e-01
6.892000001668929787e-01
6.781000006198882879e-01
6.806999993324279741e-01
6.857000011205672818e-01
6.849000030755996171e-01
6.810000014305114258e-01
6.793000024557113159e-01
6.842000019550323886e-01
6.849000036716461626e-01
6.848000019788742510e-01
6.856000030040740878e-01
6.869999986886977661e-01
6.838000005483627630e-01
6.854000031948089822e-01
6.854000002145766990e-01
6.866000026464462724e-01
6.856000030040740878e-01
6.861000037193298873e-01
6.889999985694885698e-01
6.904000002145767034e-01
6.898000025749206898e-01
6.880000013113022339e-01
6.851999998092651589e-01
6.865999984741211204e-01
6.859999996423721269e-01
6.895000046491622792e-01
6.880999988317489935e-01
6.875000011920928689e-01
6.814000016450881825e-01
6.833000016212463779e-01
6.895000004768371271e-01
6.821999996900558472e-01
6.848000025749206854e-01
6.903000026941299438e-01
6.880000025033951028e-01
6.873000025749206321e-01
6.886000031232833996e-01
6.840000027418136064e-01
6.875000029802322832e-01
6.849000036716461626e-01
6.856000024080276534e-01
6.851999992132187245e-01
6.860000002384185613e-01
6.881000000238418624e-01
6.873000019788741977e-01
6.855000054836273282e-01
6.848000031709671198e-01
6.821000009775162187e-01
6.849000036716461626e-01
6.846000033617020142e-01
6.840000033378601518e-01
6.895999997854233010e-01
6.868000000715255293e-01
6.872000002861022860e-01
6.853000032901763738e-01
6.868000018596649436e-01
6.891000026464462191e-01
6.881000012159347312e-01
6.879000025987624944e-01
6.872000032663345692e-01
6.877000010013580855e-01
6.842000055313109952e-01
6.878000026941299971e-01
6.868000042438506814e-01
6.825000029802322787e-01
6.863000035285949929e-01
6.873000037670135010e-01
6.884000021219253140e-01
6.896000033617020186e-01
6.875000005960464344e-01
6.863000023365021240e-01
6.871000027656555265e-01
6.822000002861022816e-01
6.872000014781951549e-01
6.884999984502792048e-01
6.885000008344650535e-01
6.865000027418136641e-01
6.853999996185302646e-01
6.836000049114226984e-01
6.874000024795532404e-01
6.845000022649765370e-01
6.853000032901763738e-01
6.872000020742415893e-01
6.888000011444092019e-01
6.876000005006790428e-01
6.844000005722046254e-01
6.893000006675720215e-01
6.913000023365021285e-01
6.895000010728835615e-01
6.851000005006789850e-01
6.902000033855437700e-01
6.913999998569488881e-01
6.894000029563903675e-01
6.908000004291534601e-01
6.866000032424927069e-01
6.895999985933304322e-01
6.925999987125396329e-01
6.924999976158141557e-01
6.897000020742416471e-01
6.873999989032745228e-01
6.921000015735626620e-01
6.860999989509583008e-01
6.883000004291534024e-01
6.859000033140182362e-01
6.883000022172928167e-01
6.877000004053115401e-01
6.873000043630600464e-01
6.870999997854232433e-01
6.874000006914138261e-01
6.878999990224837768e-01
6.924000000953673961e-01
6.893000018596648903e-01
6.871000039577483953e-01
6.941000002622604859e-01
6.940000027418136153e-01
6.903000038862228127e-01
6.888000017404556363e-01
6.954000061750411632e-01
6.861000001430511697e-01
6.889000004529952648e-01
6.863000029325485585e-01
6.888000047206879195e-01
6.902000010013580322e-01
6.926000022888183505e-01
6.904000008106231379e-01
6.890000033378601563e-01
6.890000051259994596e-01
6.898000007867812755e-01
6.893000024557113248e-01
6.881999999284744707e-01
6.804000020027161089e-01
6.856000041961669567e-01
6.858000034093856279e-01
6.896999996900557983e-01
6.885999995470046819e-01
6.906000030040740922e-01
6.900000017881393610e-01
6.882999986410140991e-01
6.915000015497207997e-01
6.905000030994414839e-01
6.912000024318695202e-01
6.911000025272369118e-01
6.887000030279160079e-01
6.924999994039535700e-01
6.912000012397766513e-01
6.885000008344650535e-01
6.853000015020370705e-01
6.928000026941298906e-01
6.892999994754791526e-01
6.875000023841857377e-01
6.899000066518783392e-01
6.878000038862228660e-01
6.940000033378601607e-01
6.903000009059906406e-01
6.880000025033951028e-01
6.929000037908553677e-01
6.896000027656554732e-01
6.933000022172928212e-01
6.901000046730041415e-01
6.926999980211258068e-01
6.907000011205672863e-01
6.946000033617019120e-01
6.894000035524368020e-01
6.876999998092651056e-01
6.899000036716461670e-01
6.902000033855437700e-01
6.893000006675720215e-01
6.887000000476837247e-01
6.944000035524368064e-01
6.905000001192093118e-01
6.879000025987624944e-01
6.884000021219253140e-01
6.933000051975249933e-01
6.901000005006789895e-01
6.898000001907348411e-01
6.924000030755996793e-01
6.933000016212463867e-01
6.923000019788742021e-01
6.890000021457671764e-01
6.915000021457672341e-01
6.868000024557113781e-01
6.908000010251998946e-01
6.921000003814696822e-01
6.891000038385390880e-01
6.915000021457672341e-01
6.948000019788742598e-01
6.939000028371811180e-01
6.883000034093856856e-01
6.910000026226044145e-01
6.884000027179717485e-01
6.928000009059905873e-01
6.894000041484832364e-01
6.912000042200088235e-01
